{
 "cells": [
  {
   "cell_type": "markdown",
   "metadata": {},
   "source": [
    "## Final Project Submission\n",
    "\n",
    "Please fill out:\n",
    "* Student name: \n",
    "* Student pace: self paced / part time / full time\n",
    "* Scheduled project review date/time: \n",
    "* Instructor name: \n",
    "* Blog post URL:\n"
   ]
  },
  {
   "cell_type": "code",
   "execution_count": null,
   "metadata": {},
   "outputs": [],
   "source": [
    "# Your code here - remember to use markdown cells for comments as well!"
   ]
  },
  {
   "cell_type": "code",
   "execution_count": 1,
   "metadata": {},
   "outputs": [
    {
     "name": "stdout",
     "output_type": "stream",
     "text": [
      "CONTRIBUTING.md    README.md          halfway-there.gif\r\n",
      "LICENSE.md         \u001b[34mdata\u001b[m\u001b[m/              student.ipynb\r\n"
     ]
    }
   ],
   "source": [
    "ls"
   ]
  },
  {
   "cell_type": "code",
   "execution_count": 3,
   "metadata": {},
   "outputs": [],
   "source": [
    "import pandas as pd\n",
    "import numpy as np\n",
    "import matplotlib.pyplot as plt\n",
    "import seaborn as sns"
   ]
  },
  {
   "cell_type": "code",
   "execution_count": 10,
   "metadata": {},
   "outputs": [],
   "source": [
    "pd.set_option('display.max_columns', 100)"
   ]
  },
  {
   "cell_type": "code",
   "execution_count": 11,
   "metadata": {},
   "outputs": [],
   "source": [
    "df = pd.read_csv('data/kc_house_data.csv')"
   ]
  },
  {
   "cell_type": "code",
   "execution_count": 12,
   "metadata": {},
   "outputs": [
    {
     "data": {
      "text/html": [
       "<div>\n",
       "<style scoped>\n",
       "    .dataframe tbody tr th:only-of-type {\n",
       "        vertical-align: middle;\n",
       "    }\n",
       "\n",
       "    .dataframe tbody tr th {\n",
       "        vertical-align: top;\n",
       "    }\n",
       "\n",
       "    .dataframe thead th {\n",
       "        text-align: right;\n",
       "    }\n",
       "</style>\n",
       "<table border=\"1\" class=\"dataframe\">\n",
       "  <thead>\n",
       "    <tr style=\"text-align: right;\">\n",
       "      <th></th>\n",
       "      <th>id</th>\n",
       "      <th>date</th>\n",
       "      <th>price</th>\n",
       "      <th>bedrooms</th>\n",
       "      <th>bathrooms</th>\n",
       "      <th>sqft_living</th>\n",
       "      <th>sqft_lot</th>\n",
       "      <th>floors</th>\n",
       "      <th>waterfront</th>\n",
       "      <th>view</th>\n",
       "      <th>condition</th>\n",
       "      <th>grade</th>\n",
       "      <th>sqft_above</th>\n",
       "      <th>sqft_basement</th>\n",
       "      <th>yr_built</th>\n",
       "      <th>yr_renovated</th>\n",
       "      <th>zipcode</th>\n",
       "      <th>lat</th>\n",
       "      <th>long</th>\n",
       "      <th>sqft_living15</th>\n",
       "      <th>sqft_lot15</th>\n",
       "    </tr>\n",
       "  </thead>\n",
       "  <tbody>\n",
       "    <tr>\n",
       "      <th>0</th>\n",
       "      <td>7129300520</td>\n",
       "      <td>10/13/2014</td>\n",
       "      <td>221900.0</td>\n",
       "      <td>3</td>\n",
       "      <td>1.00</td>\n",
       "      <td>1180</td>\n",
       "      <td>5650</td>\n",
       "      <td>1.0</td>\n",
       "      <td>NaN</td>\n",
       "      <td>0.0</td>\n",
       "      <td>3</td>\n",
       "      <td>7</td>\n",
       "      <td>1180</td>\n",
       "      <td>0.0</td>\n",
       "      <td>1955</td>\n",
       "      <td>0.0</td>\n",
       "      <td>98178</td>\n",
       "      <td>47.5112</td>\n",
       "      <td>-122.257</td>\n",
       "      <td>1340</td>\n",
       "      <td>5650</td>\n",
       "    </tr>\n",
       "    <tr>\n",
       "      <th>1</th>\n",
       "      <td>6414100192</td>\n",
       "      <td>12/9/2014</td>\n",
       "      <td>538000.0</td>\n",
       "      <td>3</td>\n",
       "      <td>2.25</td>\n",
       "      <td>2570</td>\n",
       "      <td>7242</td>\n",
       "      <td>2.0</td>\n",
       "      <td>0.0</td>\n",
       "      <td>0.0</td>\n",
       "      <td>3</td>\n",
       "      <td>7</td>\n",
       "      <td>2170</td>\n",
       "      <td>400.0</td>\n",
       "      <td>1951</td>\n",
       "      <td>1991.0</td>\n",
       "      <td>98125</td>\n",
       "      <td>47.7210</td>\n",
       "      <td>-122.319</td>\n",
       "      <td>1690</td>\n",
       "      <td>7639</td>\n",
       "    </tr>\n",
       "    <tr>\n",
       "      <th>2</th>\n",
       "      <td>5631500400</td>\n",
       "      <td>2/25/2015</td>\n",
       "      <td>180000.0</td>\n",
       "      <td>2</td>\n",
       "      <td>1.00</td>\n",
       "      <td>770</td>\n",
       "      <td>10000</td>\n",
       "      <td>1.0</td>\n",
       "      <td>0.0</td>\n",
       "      <td>0.0</td>\n",
       "      <td>3</td>\n",
       "      <td>6</td>\n",
       "      <td>770</td>\n",
       "      <td>0.0</td>\n",
       "      <td>1933</td>\n",
       "      <td>NaN</td>\n",
       "      <td>98028</td>\n",
       "      <td>47.7379</td>\n",
       "      <td>-122.233</td>\n",
       "      <td>2720</td>\n",
       "      <td>8062</td>\n",
       "    </tr>\n",
       "    <tr>\n",
       "      <th>3</th>\n",
       "      <td>2487200875</td>\n",
       "      <td>12/9/2014</td>\n",
       "      <td>604000.0</td>\n",
       "      <td>4</td>\n",
       "      <td>3.00</td>\n",
       "      <td>1960</td>\n",
       "      <td>5000</td>\n",
       "      <td>1.0</td>\n",
       "      <td>0.0</td>\n",
       "      <td>0.0</td>\n",
       "      <td>5</td>\n",
       "      <td>7</td>\n",
       "      <td>1050</td>\n",
       "      <td>910.0</td>\n",
       "      <td>1965</td>\n",
       "      <td>0.0</td>\n",
       "      <td>98136</td>\n",
       "      <td>47.5208</td>\n",
       "      <td>-122.393</td>\n",
       "      <td>1360</td>\n",
       "      <td>5000</td>\n",
       "    </tr>\n",
       "    <tr>\n",
       "      <th>4</th>\n",
       "      <td>1954400510</td>\n",
       "      <td>2/18/2015</td>\n",
       "      <td>510000.0</td>\n",
       "      <td>3</td>\n",
       "      <td>2.00</td>\n",
       "      <td>1680</td>\n",
       "      <td>8080</td>\n",
       "      <td>1.0</td>\n",
       "      <td>0.0</td>\n",
       "      <td>0.0</td>\n",
       "      <td>3</td>\n",
       "      <td>8</td>\n",
       "      <td>1680</td>\n",
       "      <td>0.0</td>\n",
       "      <td>1987</td>\n",
       "      <td>0.0</td>\n",
       "      <td>98074</td>\n",
       "      <td>47.6168</td>\n",
       "      <td>-122.045</td>\n",
       "      <td>1800</td>\n",
       "      <td>7503</td>\n",
       "    </tr>\n",
       "  </tbody>\n",
       "</table>\n",
       "</div>"
      ],
      "text/plain": [
       "           id        date     price  bedrooms  bathrooms  sqft_living  \\\n",
       "0  7129300520  10/13/2014  221900.0         3       1.00         1180   \n",
       "1  6414100192   12/9/2014  538000.0         3       2.25         2570   \n",
       "2  5631500400   2/25/2015  180000.0         2       1.00          770   \n",
       "3  2487200875   12/9/2014  604000.0         4       3.00         1960   \n",
       "4  1954400510   2/18/2015  510000.0         3       2.00         1680   \n",
       "\n",
       "   sqft_lot  floors  waterfront  view  condition  grade  sqft_above  \\\n",
       "0      5650     1.0         NaN   0.0          3      7        1180   \n",
       "1      7242     2.0         0.0   0.0          3      7        2170   \n",
       "2     10000     1.0         0.0   0.0          3      6         770   \n",
       "3      5000     1.0         0.0   0.0          5      7        1050   \n",
       "4      8080     1.0         0.0   0.0          3      8        1680   \n",
       "\n",
       "  sqft_basement  yr_built  yr_renovated  zipcode      lat     long  \\\n",
       "0           0.0      1955           0.0    98178  47.5112 -122.257   \n",
       "1         400.0      1951        1991.0    98125  47.7210 -122.319   \n",
       "2           0.0      1933           NaN    98028  47.7379 -122.233   \n",
       "3         910.0      1965           0.0    98136  47.5208 -122.393   \n",
       "4           0.0      1987           0.0    98074  47.6168 -122.045   \n",
       "\n",
       "   sqft_living15  sqft_lot15  \n",
       "0           1340        5650  \n",
       "1           1690        7639  \n",
       "2           2720        8062  \n",
       "3           1360        5000  \n",
       "4           1800        7503  "
      ]
     },
     "execution_count": 12,
     "metadata": {},
     "output_type": "execute_result"
    }
   ],
   "source": [
    "df.head()"
   ]
  },
  {
   "cell_type": "markdown",
   "metadata": {},
   "source": [
    "# Column Names and descriptions for Kings County Data Set\n",
    "* **id** - unique identified for a house\n",
    "* **dateDate** - house was sold\n",
    "* **pricePrice** -  is prediction target\n",
    "* **bedroomsNumber** -  of Bedrooms/House\n",
    "* **bathroomsNumber** -  of bathrooms/bedrooms\n",
    "* **sqft_livingsquare** -  footage of the home\n",
    "* **sqft_lotsquare** -  footage of the lot\n",
    "* **floorsTotal** -  floors (levels) in house\n",
    "* **waterfront** - House which has a view to a waterfront\n",
    "* **view** - Has been viewed\n",
    "* **condition** - How good the condition is ( Overall )\n",
    "* **grade** - overall grade given to the housing unit, based on King County grading system\n",
    "* **sqft_above** - square footage of house apart from basement\n",
    "* **sqft_basement** - square footage of the basement\n",
    "* **yr_built** - Built Year\n",
    "* **yr_renovated** - Year when house was renovated\n",
    "* **zipcode** - zip\n",
    "* **lat** - Latitude coordinate\n",
    "* **long** - Longitude coordinate\n",
    "* **sqft_living15** - The square footage of interior housing living space for the nearest 15 neighbors\n",
    "* **sqft_lot15** - The square footage of the land lots of the nearest 15 neighbors\n"
   ]
  },
  {
   "cell_type": "code",
   "execution_count": 16,
   "metadata": {},
   "outputs": [
    {
     "name": "stdout",
     "output_type": "stream",
     "text": [
      "<class 'pandas.core.frame.DataFrame'>\n",
      "RangeIndex: 21597 entries, 0 to 21596\n",
      "Data columns (total 21 columns):\n",
      " #   Column         Non-Null Count  Dtype  \n",
      "---  ------         --------------  -----  \n",
      " 0   id             21597 non-null  int64  \n",
      " 1   date           21597 non-null  object \n",
      " 2   price          21597 non-null  float64\n",
      " 3   bedrooms       21597 non-null  int64  \n",
      " 4   bathrooms      21597 non-null  float64\n",
      " 5   sqft_living    21597 non-null  int64  \n",
      " 6   sqft_lot       21597 non-null  int64  \n",
      " 7   floors         21597 non-null  float64\n",
      " 8   waterfront     19221 non-null  float64\n",
      " 9   view           21534 non-null  float64\n",
      " 10  condition      21597 non-null  int64  \n",
      " 11  grade          21597 non-null  int64  \n",
      " 12  sqft_above     21597 non-null  int64  \n",
      " 13  sqft_basement  21597 non-null  object \n",
      " 14  yr_built       21597 non-null  int64  \n",
      " 15  yr_renovated   17755 non-null  float64\n",
      " 16  zipcode        21597 non-null  int64  \n",
      " 17  lat            21597 non-null  float64\n",
      " 18  long           21597 non-null  float64\n",
      " 19  sqft_living15  21597 non-null  int64  \n",
      " 20  sqft_lot15     21597 non-null  int64  \n",
      "dtypes: float64(8), int64(11), object(2)\n",
      "memory usage: 3.5+ MB\n"
     ]
    }
   ],
   "source": [
    "df.info()"
   ]
  },
  {
   "cell_type": "markdown",
   "metadata": {},
   "source": [
    "**Initial Observation**\n",
    "\n",
    "sqft_basement is type object - convert to type int"
   ]
  },
  {
   "cell_type": "code",
   "execution_count": 27,
   "metadata": {},
   "outputs": [
    {
     "data": {
      "text/plain": [
       "0.0       12826\n",
       "?           454\n",
       "600.0       217\n",
       "500.0       209\n",
       "700.0       208\n",
       "          ...  \n",
       "1880.0        1\n",
       "1284.0        1\n",
       "506.0         1\n",
       "1960.0        1\n",
       "602.0         1\n",
       "Name: sqft_basement, Length: 304, dtype: int64"
      ]
     },
     "execution_count": 27,
     "metadata": {},
     "output_type": "execute_result"
    }
   ],
   "source": [
    "df['sqft_basement'].value_counts()"
   ]
  },
  {
   "cell_type": "code",
   "execution_count": 31,
   "metadata": {},
   "outputs": [
    {
     "data": {
      "text/plain": [
       "0.0       0.593879\n",
       "?         0.021021\n",
       "600.0     0.010048\n",
       "500.0     0.009677\n",
       "700.0     0.009631\n",
       "            ...   \n",
       "1880.0    0.000046\n",
       "1284.0    0.000046\n",
       "506.0     0.000046\n",
       "1960.0    0.000046\n",
       "602.0     0.000046\n",
       "Name: sqft_basement, Length: 304, dtype: float64"
      ]
     },
     "execution_count": 31,
     "metadata": {},
     "output_type": "execute_result"
    }
   ],
   "source": [
    "df['sqft_basement'].value_counts() / len(df['sqft_basement'])"
   ]
  },
  {
   "cell_type": "markdown",
   "metadata": {},
   "source": [
    "There seems to be some '?' as a value for sqft_basement (around 2% of values)\n",
    "\n",
    "Instead of dropping these, remember that the sqft_basement and sqft_above variables should add up to sqft_living.\n",
    "So, make sqft_basement for these '?' values to be (sqft_living - sqft_above)"
   ]
  },
  {
   "cell_type": "code",
   "execution_count": 46,
   "metadata": {},
   "outputs": [],
   "source": [
    "df_drop_questionmark = df.drop(df.loc[df['sqft_basement'] == '?'].index)"
   ]
  },
  {
   "cell_type": "code",
   "execution_count": 47,
   "metadata": {},
   "outputs": [
    {
     "data": {
      "text/plain": [
       "0.0       12826\n",
       "600.0       217\n",
       "500.0       209\n",
       "700.0       208\n",
       "800.0       201\n",
       "          ...  \n",
       "2130.0        1\n",
       "2180.0        1\n",
       "143.0         1\n",
       "1284.0        1\n",
       "1852.0        1\n",
       "Name: sqft_basement, Length: 303, dtype: int64"
      ]
     },
     "execution_count": 47,
     "metadata": {},
     "output_type": "execute_result"
    }
   ],
   "source": [
    "df_drop_questionmark['sqft_basement'].value_counts()"
   ]
  },
  {
   "cell_type": "code",
   "execution_count": 48,
   "metadata": {},
   "outputs": [],
   "source": [
    "df_drop_questionmark['sqft_basement'] = df_drop_questionmark['sqft_basement'].astype('float64').astype('int64')"
   ]
  },
  {
   "cell_type": "code",
   "execution_count": 49,
   "metadata": {},
   "outputs": [
    {
     "data": {
      "text/html": [
       "<div>\n",
       "<style scoped>\n",
       "    .dataframe tbody tr th:only-of-type {\n",
       "        vertical-align: middle;\n",
       "    }\n",
       "\n",
       "    .dataframe tbody tr th {\n",
       "        vertical-align: top;\n",
       "    }\n",
       "\n",
       "    .dataframe thead th {\n",
       "        text-align: right;\n",
       "    }\n",
       "</style>\n",
       "<table border=\"1\" class=\"dataframe\">\n",
       "  <thead>\n",
       "    <tr style=\"text-align: right;\">\n",
       "      <th></th>\n",
       "      <th>id</th>\n",
       "      <th>price</th>\n",
       "      <th>bedrooms</th>\n",
       "      <th>bathrooms</th>\n",
       "      <th>sqft_living</th>\n",
       "      <th>sqft_lot</th>\n",
       "      <th>floors</th>\n",
       "      <th>waterfront</th>\n",
       "      <th>view</th>\n",
       "      <th>condition</th>\n",
       "      <th>grade</th>\n",
       "      <th>sqft_above</th>\n",
       "      <th>sqft_basement</th>\n",
       "      <th>yr_built</th>\n",
       "      <th>yr_renovated</th>\n",
       "      <th>zipcode</th>\n",
       "      <th>lat</th>\n",
       "      <th>long</th>\n",
       "      <th>sqft_living15</th>\n",
       "      <th>sqft_lot15</th>\n",
       "    </tr>\n",
       "  </thead>\n",
       "  <tbody>\n",
       "    <tr>\n",
       "      <th>id</th>\n",
       "      <td>1.000000</td>\n",
       "      <td>-0.015796</td>\n",
       "      <td>0.002487</td>\n",
       "      <td>0.006120</td>\n",
       "      <td>-0.011721</td>\n",
       "      <td>-0.132268</td>\n",
       "      <td>0.019281</td>\n",
       "      <td>-0.003409</td>\n",
       "      <td>0.012859</td>\n",
       "      <td>-0.023186</td>\n",
       "      <td>0.008681</td>\n",
       "      <td>-0.010567</td>\n",
       "      <td>-0.004548</td>\n",
       "      <td>0.022218</td>\n",
       "      <td>-0.010601</td>\n",
       "      <td>-0.011183</td>\n",
       "      <td>-0.004728</td>\n",
       "      <td>0.021373</td>\n",
       "      <td>-0.003039</td>\n",
       "      <td>-0.138005</td>\n",
       "    </tr>\n",
       "    <tr>\n",
       "      <th>price</th>\n",
       "      <td>-0.015796</td>\n",
       "      <td>1.000000</td>\n",
       "      <td>0.309204</td>\n",
       "      <td>0.525889</td>\n",
       "      <td>0.702328</td>\n",
       "      <td>0.087937</td>\n",
       "      <td>0.256355</td>\n",
       "      <td>0.278085</td>\n",
       "      <td>0.397176</td>\n",
       "      <td>0.035290</td>\n",
       "      <td>0.667738</td>\n",
       "      <td>0.605143</td>\n",
       "      <td>0.325008</td>\n",
       "      <td>0.054459</td>\n",
       "      <td>0.128227</td>\n",
       "      <td>-0.053166</td>\n",
       "      <td>0.306507</td>\n",
       "      <td>0.022101</td>\n",
       "      <td>0.586415</td>\n",
       "      <td>0.083192</td>\n",
       "    </tr>\n",
       "    <tr>\n",
       "      <th>bedrooms</th>\n",
       "      <td>0.002487</td>\n",
       "      <td>0.309204</td>\n",
       "      <td>1.000000</td>\n",
       "      <td>0.513840</td>\n",
       "      <td>0.577998</td>\n",
       "      <td>0.032262</td>\n",
       "      <td>0.179044</td>\n",
       "      <td>-0.000108</td>\n",
       "      <td>0.080379</td>\n",
       "      <td>0.025710</td>\n",
       "      <td>0.356882</td>\n",
       "      <td>0.479210</td>\n",
       "      <td>0.302683</td>\n",
       "      <td>0.157017</td>\n",
       "      <td>0.019060</td>\n",
       "      <td>-0.152628</td>\n",
       "      <td>-0.009521</td>\n",
       "      <td>0.131093</td>\n",
       "      <td>0.392476</td>\n",
       "      <td>0.030479</td>\n",
       "    </tr>\n",
       "    <tr>\n",
       "      <th>bathrooms</th>\n",
       "      <td>0.006120</td>\n",
       "      <td>0.525889</td>\n",
       "      <td>0.513840</td>\n",
       "      <td>1.000000</td>\n",
       "      <td>0.755278</td>\n",
       "      <td>0.087884</td>\n",
       "      <td>0.504071</td>\n",
       "      <td>0.068293</td>\n",
       "      <td>0.187249</td>\n",
       "      <td>-0.128015</td>\n",
       "      <td>0.666493</td>\n",
       "      <td>0.686456</td>\n",
       "      <td>0.282693</td>\n",
       "      <td>0.508408</td>\n",
       "      <td>0.051736</td>\n",
       "      <td>-0.204306</td>\n",
       "      <td>0.024994</td>\n",
       "      <td>0.224479</td>\n",
       "      <td>0.570129</td>\n",
       "      <td>0.088834</td>\n",
       "    </tr>\n",
       "    <tr>\n",
       "      <th>sqft_living</th>\n",
       "      <td>-0.011721</td>\n",
       "      <td>0.702328</td>\n",
       "      <td>0.577998</td>\n",
       "      <td>0.755278</td>\n",
       "      <td>1.000000</td>\n",
       "      <td>0.172941</td>\n",
       "      <td>0.354688</td>\n",
       "      <td>0.111726</td>\n",
       "      <td>0.283797</td>\n",
       "      <td>-0.061294</td>\n",
       "      <td>0.763101</td>\n",
       "      <td>0.876678</td>\n",
       "      <td>0.434576</td>\n",
       "      <td>0.319461</td>\n",
       "      <td>0.054291</td>\n",
       "      <td>-0.198906</td>\n",
       "      <td>0.052986</td>\n",
       "      <td>0.240797</td>\n",
       "      <td>0.756389</td>\n",
       "      <td>0.184466</td>\n",
       "    </tr>\n",
       "    <tr>\n",
       "      <th>sqft_lot</th>\n",
       "      <td>-0.132268</td>\n",
       "      <td>0.087937</td>\n",
       "      <td>0.032262</td>\n",
       "      <td>0.087884</td>\n",
       "      <td>0.172941</td>\n",
       "      <td>1.000000</td>\n",
       "      <td>-0.007522</td>\n",
       "      <td>0.022579</td>\n",
       "      <td>0.072668</td>\n",
       "      <td>-0.009671</td>\n",
       "      <td>0.113402</td>\n",
       "      <td>0.183461</td>\n",
       "      <td>0.015533</td>\n",
       "      <td>0.052768</td>\n",
       "      <td>0.003491</td>\n",
       "      <td>-0.129355</td>\n",
       "      <td>-0.085457</td>\n",
       "      <td>0.230583</td>\n",
       "      <td>0.143428</td>\n",
       "      <td>0.720649</td>\n",
       "    </tr>\n",
       "    <tr>\n",
       "      <th>floors</th>\n",
       "      <td>0.019281</td>\n",
       "      <td>0.256355</td>\n",
       "      <td>0.179044</td>\n",
       "      <td>0.504071</td>\n",
       "      <td>0.354688</td>\n",
       "      <td>-0.007522</td>\n",
       "      <td>1.000000</td>\n",
       "      <td>0.021371</td>\n",
       "      <td>0.027748</td>\n",
       "      <td>-0.264280</td>\n",
       "      <td>0.459214</td>\n",
       "      <td>0.524225</td>\n",
       "      <td>-0.245144</td>\n",
       "      <td>0.489665</td>\n",
       "      <td>0.003256</td>\n",
       "      <td>-0.058976</td>\n",
       "      <td>0.048977</td>\n",
       "      <td>0.125922</td>\n",
       "      <td>0.280294</td>\n",
       "      <td>-0.011545</td>\n",
       "    </tr>\n",
       "    <tr>\n",
       "      <th>waterfront</th>\n",
       "      <td>-0.003409</td>\n",
       "      <td>0.278085</td>\n",
       "      <td>-0.000108</td>\n",
       "      <td>0.068293</td>\n",
       "      <td>0.111726</td>\n",
       "      <td>0.022579</td>\n",
       "      <td>0.021371</td>\n",
       "      <td>1.000000</td>\n",
       "      <td>0.404847</td>\n",
       "      <td>0.017741</td>\n",
       "      <td>0.088206</td>\n",
       "      <td>0.075920</td>\n",
       "      <td>0.090200</td>\n",
       "      <td>-0.025430</td>\n",
       "      <td>0.083270</td>\n",
       "      <td>0.030282</td>\n",
       "      <td>-0.012124</td>\n",
       "      <td>-0.038541</td>\n",
       "      <td>0.090325</td>\n",
       "      <td>0.031604</td>\n",
       "    </tr>\n",
       "    <tr>\n",
       "      <th>view</th>\n",
       "      <td>0.012859</td>\n",
       "      <td>0.397176</td>\n",
       "      <td>0.080379</td>\n",
       "      <td>0.187249</td>\n",
       "      <td>0.283797</td>\n",
       "      <td>0.072668</td>\n",
       "      <td>0.027748</td>\n",
       "      <td>0.404847</td>\n",
       "      <td>1.000000</td>\n",
       "      <td>0.045464</td>\n",
       "      <td>0.250014</td>\n",
       "      <td>0.166907</td>\n",
       "      <td>0.276521</td>\n",
       "      <td>-0.054415</td>\n",
       "      <td>0.098948</td>\n",
       "      <td>0.085300</td>\n",
       "      <td>0.006174</td>\n",
       "      <td>-0.076306</td>\n",
       "      <td>0.280934</td>\n",
       "      <td>0.072797</td>\n",
       "    </tr>\n",
       "    <tr>\n",
       "      <th>condition</th>\n",
       "      <td>-0.023186</td>\n",
       "      <td>0.035290</td>\n",
       "      <td>0.025710</td>\n",
       "      <td>-0.128015</td>\n",
       "      <td>-0.061294</td>\n",
       "      <td>-0.009671</td>\n",
       "      <td>-0.264280</td>\n",
       "      <td>0.017741</td>\n",
       "      <td>0.045464</td>\n",
       "      <td>1.000000</td>\n",
       "      <td>-0.148508</td>\n",
       "      <td>-0.159289</td>\n",
       "      <td>0.170972</td>\n",
       "      <td>-0.362107</td>\n",
       "      <td>-0.062261</td>\n",
       "      <td>0.003437</td>\n",
       "      <td>-0.015592</td>\n",
       "      <td>-0.106285</td>\n",
       "      <td>-0.093493</td>\n",
       "      <td>-0.004860</td>\n",
       "    </tr>\n",
       "    <tr>\n",
       "      <th>grade</th>\n",
       "      <td>0.008681</td>\n",
       "      <td>0.667738</td>\n",
       "      <td>0.356882</td>\n",
       "      <td>0.666493</td>\n",
       "      <td>0.763101</td>\n",
       "      <td>0.113402</td>\n",
       "      <td>0.459214</td>\n",
       "      <td>0.088206</td>\n",
       "      <td>0.250014</td>\n",
       "      <td>-0.148508</td>\n",
       "      <td>1.000000</td>\n",
       "      <td>0.756382</td>\n",
       "      <td>0.168023</td>\n",
       "      <td>0.448120</td>\n",
       "      <td>0.016907</td>\n",
       "      <td>-0.185131</td>\n",
       "      <td>0.113380</td>\n",
       "      <td>0.199187</td>\n",
       "      <td>0.713574</td>\n",
       "      <td>0.121921</td>\n",
       "    </tr>\n",
       "    <tr>\n",
       "      <th>sqft_above</th>\n",
       "      <td>-0.010567</td>\n",
       "      <td>0.605143</td>\n",
       "      <td>0.479210</td>\n",
       "      <td>0.686456</td>\n",
       "      <td>0.876678</td>\n",
       "      <td>0.183461</td>\n",
       "      <td>0.524225</td>\n",
       "      <td>0.075920</td>\n",
       "      <td>0.166907</td>\n",
       "      <td>-0.159289</td>\n",
       "      <td>0.756382</td>\n",
       "      <td>1.000000</td>\n",
       "      <td>-0.052293</td>\n",
       "      <td>0.425180</td>\n",
       "      <td>0.020792</td>\n",
       "      <td>-0.260814</td>\n",
       "      <td>-0.000346</td>\n",
       "      <td>0.344543</td>\n",
       "      <td>0.731016</td>\n",
       "      <td>0.195638</td>\n",
       "    </tr>\n",
       "    <tr>\n",
       "      <th>sqft_basement</th>\n",
       "      <td>-0.004548</td>\n",
       "      <td>0.325008</td>\n",
       "      <td>0.302683</td>\n",
       "      <td>0.282693</td>\n",
       "      <td>0.434576</td>\n",
       "      <td>0.015533</td>\n",
       "      <td>-0.245144</td>\n",
       "      <td>0.090200</td>\n",
       "      <td>0.276521</td>\n",
       "      <td>0.170972</td>\n",
       "      <td>0.168023</td>\n",
       "      <td>-0.052293</td>\n",
       "      <td>1.000000</td>\n",
       "      <td>-0.132844</td>\n",
       "      <td>0.073591</td>\n",
       "      <td>0.075381</td>\n",
       "      <td>0.110637</td>\n",
       "      <td>-0.145174</td>\n",
       "      <td>0.201579</td>\n",
       "      <td>0.016660</td>\n",
       "    </tr>\n",
       "    <tr>\n",
       "      <th>yr_built</th>\n",
       "      <td>0.022218</td>\n",
       "      <td>0.054459</td>\n",
       "      <td>0.157017</td>\n",
       "      <td>0.508408</td>\n",
       "      <td>0.319461</td>\n",
       "      <td>0.052768</td>\n",
       "      <td>0.489665</td>\n",
       "      <td>-0.025430</td>\n",
       "      <td>-0.054415</td>\n",
       "      <td>-0.362107</td>\n",
       "      <td>0.448120</td>\n",
       "      <td>0.425180</td>\n",
       "      <td>-0.132844</td>\n",
       "      <td>1.000000</td>\n",
       "      <td>-0.222608</td>\n",
       "      <td>-0.347320</td>\n",
       "      <td>-0.148725</td>\n",
       "      <td>0.409317</td>\n",
       "      <td>0.325447</td>\n",
       "      <td>0.071408</td>\n",
       "    </tr>\n",
       "    <tr>\n",
       "      <th>yr_renovated</th>\n",
       "      <td>-0.010601</td>\n",
       "      <td>0.128227</td>\n",
       "      <td>0.019060</td>\n",
       "      <td>0.051736</td>\n",
       "      <td>0.054291</td>\n",
       "      <td>0.003491</td>\n",
       "      <td>0.003256</td>\n",
       "      <td>0.083270</td>\n",
       "      <td>0.098948</td>\n",
       "      <td>-0.062261</td>\n",
       "      <td>0.016907</td>\n",
       "      <td>0.020792</td>\n",
       "      <td>0.073591</td>\n",
       "      <td>-0.222608</td>\n",
       "      <td>1.000000</td>\n",
       "      <td>0.069022</td>\n",
       "      <td>0.033822</td>\n",
       "      <td>-0.071711</td>\n",
       "      <td>0.000366</td>\n",
       "      <td>0.002235</td>\n",
       "    </tr>\n",
       "    <tr>\n",
       "      <th>zipcode</th>\n",
       "      <td>-0.011183</td>\n",
       "      <td>-0.053166</td>\n",
       "      <td>-0.152628</td>\n",
       "      <td>-0.204306</td>\n",
       "      <td>-0.198906</td>\n",
       "      <td>-0.129355</td>\n",
       "      <td>-0.058976</td>\n",
       "      <td>0.030282</td>\n",
       "      <td>0.085300</td>\n",
       "      <td>0.003437</td>\n",
       "      <td>-0.185131</td>\n",
       "      <td>-0.260814</td>\n",
       "      <td>0.075381</td>\n",
       "      <td>-0.347320</td>\n",
       "      <td>0.069022</td>\n",
       "      <td>1.000000</td>\n",
       "      <td>0.267070</td>\n",
       "      <td>-0.564092</td>\n",
       "      <td>-0.278006</td>\n",
       "      <td>-0.146709</td>\n",
       "    </tr>\n",
       "    <tr>\n",
       "      <th>lat</th>\n",
       "      <td>-0.004728</td>\n",
       "      <td>0.306507</td>\n",
       "      <td>-0.009521</td>\n",
       "      <td>0.024994</td>\n",
       "      <td>0.052986</td>\n",
       "      <td>-0.085457</td>\n",
       "      <td>0.048977</td>\n",
       "      <td>-0.012124</td>\n",
       "      <td>0.006174</td>\n",
       "      <td>-0.015592</td>\n",
       "      <td>0.113380</td>\n",
       "      <td>-0.000346</td>\n",
       "      <td>0.110637</td>\n",
       "      <td>-0.148725</td>\n",
       "      <td>0.033822</td>\n",
       "      <td>0.267070</td>\n",
       "      <td>1.000000</td>\n",
       "      <td>-0.135183</td>\n",
       "      <td>0.050441</td>\n",
       "      <td>-0.084984</td>\n",
       "    </tr>\n",
       "    <tr>\n",
       "      <th>long</th>\n",
       "      <td>0.021373</td>\n",
       "      <td>0.022101</td>\n",
       "      <td>0.131093</td>\n",
       "      <td>0.224479</td>\n",
       "      <td>0.240797</td>\n",
       "      <td>0.230583</td>\n",
       "      <td>0.125922</td>\n",
       "      <td>-0.038541</td>\n",
       "      <td>-0.076306</td>\n",
       "      <td>-0.106285</td>\n",
       "      <td>0.199187</td>\n",
       "      <td>0.344543</td>\n",
       "      <td>-0.145174</td>\n",
       "      <td>0.409317</td>\n",
       "      <td>-0.071711</td>\n",
       "      <td>-0.564092</td>\n",
       "      <td>-0.135183</td>\n",
       "      <td>1.000000</td>\n",
       "      <td>0.334270</td>\n",
       "      <td>0.255557</td>\n",
       "    </tr>\n",
       "    <tr>\n",
       "      <th>sqft_living15</th>\n",
       "      <td>-0.003039</td>\n",
       "      <td>0.586415</td>\n",
       "      <td>0.392476</td>\n",
       "      <td>0.570129</td>\n",
       "      <td>0.756389</td>\n",
       "      <td>0.143428</td>\n",
       "      <td>0.280294</td>\n",
       "      <td>0.090325</td>\n",
       "      <td>0.280934</td>\n",
       "      <td>-0.093493</td>\n",
       "      <td>0.713574</td>\n",
       "      <td>0.731016</td>\n",
       "      <td>0.201579</td>\n",
       "      <td>0.325447</td>\n",
       "      <td>0.000366</td>\n",
       "      <td>-0.278006</td>\n",
       "      <td>0.050441</td>\n",
       "      <td>0.334270</td>\n",
       "      <td>1.000000</td>\n",
       "      <td>0.183089</td>\n",
       "    </tr>\n",
       "    <tr>\n",
       "      <th>sqft_lot15</th>\n",
       "      <td>-0.138005</td>\n",
       "      <td>0.083192</td>\n",
       "      <td>0.030479</td>\n",
       "      <td>0.088834</td>\n",
       "      <td>0.184466</td>\n",
       "      <td>0.720649</td>\n",
       "      <td>-0.011545</td>\n",
       "      <td>0.031604</td>\n",
       "      <td>0.072797</td>\n",
       "      <td>-0.004860</td>\n",
       "      <td>0.121921</td>\n",
       "      <td>0.195638</td>\n",
       "      <td>0.016660</td>\n",
       "      <td>0.071408</td>\n",
       "      <td>0.002235</td>\n",
       "      <td>-0.146709</td>\n",
       "      <td>-0.084984</td>\n",
       "      <td>0.255557</td>\n",
       "      <td>0.183089</td>\n",
       "      <td>1.000000</td>\n",
       "    </tr>\n",
       "  </tbody>\n",
       "</table>\n",
       "</div>"
      ],
      "text/plain": [
       "                     id     price  bedrooms  bathrooms  sqft_living  sqft_lot  \\\n",
       "id             1.000000 -0.015796  0.002487   0.006120    -0.011721 -0.132268   \n",
       "price         -0.015796  1.000000  0.309204   0.525889     0.702328  0.087937   \n",
       "bedrooms       0.002487  0.309204  1.000000   0.513840     0.577998  0.032262   \n",
       "bathrooms      0.006120  0.525889  0.513840   1.000000     0.755278  0.087884   \n",
       "sqft_living   -0.011721  0.702328  0.577998   0.755278     1.000000  0.172941   \n",
       "sqft_lot      -0.132268  0.087937  0.032262   0.087884     0.172941  1.000000   \n",
       "floors         0.019281  0.256355  0.179044   0.504071     0.354688 -0.007522   \n",
       "waterfront    -0.003409  0.278085 -0.000108   0.068293     0.111726  0.022579   \n",
       "view           0.012859  0.397176  0.080379   0.187249     0.283797  0.072668   \n",
       "condition     -0.023186  0.035290  0.025710  -0.128015    -0.061294 -0.009671   \n",
       "grade          0.008681  0.667738  0.356882   0.666493     0.763101  0.113402   \n",
       "sqft_above    -0.010567  0.605143  0.479210   0.686456     0.876678  0.183461   \n",
       "sqft_basement -0.004548  0.325008  0.302683   0.282693     0.434576  0.015533   \n",
       "yr_built       0.022218  0.054459  0.157017   0.508408     0.319461  0.052768   \n",
       "yr_renovated  -0.010601  0.128227  0.019060   0.051736     0.054291  0.003491   \n",
       "zipcode       -0.011183 -0.053166 -0.152628  -0.204306    -0.198906 -0.129355   \n",
       "lat           -0.004728  0.306507 -0.009521   0.024994     0.052986 -0.085457   \n",
       "long           0.021373  0.022101  0.131093   0.224479     0.240797  0.230583   \n",
       "sqft_living15 -0.003039  0.586415  0.392476   0.570129     0.756389  0.143428   \n",
       "sqft_lot15    -0.138005  0.083192  0.030479   0.088834     0.184466  0.720649   \n",
       "\n",
       "                 floors  waterfront      view  condition     grade  \\\n",
       "id             0.019281   -0.003409  0.012859  -0.023186  0.008681   \n",
       "price          0.256355    0.278085  0.397176   0.035290  0.667738   \n",
       "bedrooms       0.179044   -0.000108  0.080379   0.025710  0.356882   \n",
       "bathrooms      0.504071    0.068293  0.187249  -0.128015  0.666493   \n",
       "sqft_living    0.354688    0.111726  0.283797  -0.061294  0.763101   \n",
       "sqft_lot      -0.007522    0.022579  0.072668  -0.009671  0.113402   \n",
       "floors         1.000000    0.021371  0.027748  -0.264280  0.459214   \n",
       "waterfront     0.021371    1.000000  0.404847   0.017741  0.088206   \n",
       "view           0.027748    0.404847  1.000000   0.045464  0.250014   \n",
       "condition     -0.264280    0.017741  0.045464   1.000000 -0.148508   \n",
       "grade          0.459214    0.088206  0.250014  -0.148508  1.000000   \n",
       "sqft_above     0.524225    0.075920  0.166907  -0.159289  0.756382   \n",
       "sqft_basement -0.245144    0.090200  0.276521   0.170972  0.168023   \n",
       "yr_built       0.489665   -0.025430 -0.054415  -0.362107  0.448120   \n",
       "yr_renovated   0.003256    0.083270  0.098948  -0.062261  0.016907   \n",
       "zipcode       -0.058976    0.030282  0.085300   0.003437 -0.185131   \n",
       "lat            0.048977   -0.012124  0.006174  -0.015592  0.113380   \n",
       "long           0.125922   -0.038541 -0.076306  -0.106285  0.199187   \n",
       "sqft_living15  0.280294    0.090325  0.280934  -0.093493  0.713574   \n",
       "sqft_lot15    -0.011545    0.031604  0.072797  -0.004860  0.121921   \n",
       "\n",
       "               sqft_above  sqft_basement  yr_built  yr_renovated   zipcode  \\\n",
       "id              -0.010567      -0.004548  0.022218     -0.010601 -0.011183   \n",
       "price            0.605143       0.325008  0.054459      0.128227 -0.053166   \n",
       "bedrooms         0.479210       0.302683  0.157017      0.019060 -0.152628   \n",
       "bathrooms        0.686456       0.282693  0.508408      0.051736 -0.204306   \n",
       "sqft_living      0.876678       0.434576  0.319461      0.054291 -0.198906   \n",
       "sqft_lot         0.183461       0.015533  0.052768      0.003491 -0.129355   \n",
       "floors           0.524225      -0.245144  0.489665      0.003256 -0.058976   \n",
       "waterfront       0.075920       0.090200 -0.025430      0.083270  0.030282   \n",
       "view             0.166907       0.276521 -0.054415      0.098948  0.085300   \n",
       "condition       -0.159289       0.170972 -0.362107     -0.062261  0.003437   \n",
       "grade            0.756382       0.168023  0.448120      0.016907 -0.185131   \n",
       "sqft_above       1.000000      -0.052293  0.425180      0.020792 -0.260814   \n",
       "sqft_basement   -0.052293       1.000000 -0.132844      0.073591  0.075381   \n",
       "yr_built         0.425180      -0.132844  1.000000     -0.222608 -0.347320   \n",
       "yr_renovated     0.020792       0.073591 -0.222608      1.000000  0.069022   \n",
       "zipcode         -0.260814       0.075381 -0.347320      0.069022  1.000000   \n",
       "lat             -0.000346       0.110637 -0.148725      0.033822  0.267070   \n",
       "long             0.344543      -0.145174  0.409317     -0.071711 -0.564092   \n",
       "sqft_living15    0.731016       0.201579  0.325447      0.000366 -0.278006   \n",
       "sqft_lot15       0.195638       0.016660  0.071408      0.002235 -0.146709   \n",
       "\n",
       "                    lat      long  sqft_living15  sqft_lot15  \n",
       "id            -0.004728  0.021373      -0.003039   -0.138005  \n",
       "price          0.306507  0.022101       0.586415    0.083192  \n",
       "bedrooms      -0.009521  0.131093       0.392476    0.030479  \n",
       "bathrooms      0.024994  0.224479       0.570129    0.088834  \n",
       "sqft_living    0.052986  0.240797       0.756389    0.184466  \n",
       "sqft_lot      -0.085457  0.230583       0.143428    0.720649  \n",
       "floors         0.048977  0.125922       0.280294   -0.011545  \n",
       "waterfront    -0.012124 -0.038541       0.090325    0.031604  \n",
       "view           0.006174 -0.076306       0.280934    0.072797  \n",
       "condition     -0.015592 -0.106285      -0.093493   -0.004860  \n",
       "grade          0.113380  0.199187       0.713574    0.121921  \n",
       "sqft_above    -0.000346  0.344543       0.731016    0.195638  \n",
       "sqft_basement  0.110637 -0.145174       0.201579    0.016660  \n",
       "yr_built      -0.148725  0.409317       0.325447    0.071408  \n",
       "yr_renovated   0.033822 -0.071711       0.000366    0.002235  \n",
       "zipcode        0.267070 -0.564092      -0.278006   -0.146709  \n",
       "lat            1.000000 -0.135183       0.050441   -0.084984  \n",
       "long          -0.135183  1.000000       0.334270    0.255557  \n",
       "sqft_living15  0.050441  0.334270       1.000000    0.183089  \n",
       "sqft_lot15    -0.084984  0.255557       0.183089    1.000000  "
      ]
     },
     "execution_count": 49,
     "metadata": {},
     "output_type": "execute_result"
    }
   ],
   "source": [
    "df_drop_questionmark.corr()"
   ]
  },
  {
